0.0 0.01 35.144855
0.0 0.01 17.498021
0.0 0.01 54.091371
0.0 0.02 93.032704
0.0 0.02 34.486267
0.0 0.02 65.976210
0.0 0.03 83.677976
0.0 0.03 64.899090
0.0 0.03 71.955163
0.0 0.04 95.549958
0.0 0.04 90.925232
0.0 0.04 76.875483
0.0 0.05 89.890765
0.0 0.05 97.261072
0.0 0.05 70.457725
0.0 0.06 81.872990
0.0 0.06 98.320968
0.0 0.06 92.359197
0.0 0.07 85.232807
0.0 0.07 93.503975
0.0 0.07 95.492218
0.0 0.08 94.811226
0.0 0.08 95.194194
0.0 0.08 96.698400
0.0 0.09 78.012520
0.0 0.09 95.732658
0.0 0.09 97.208437
0.0 0.1 97.515528
0.0 0.1 97.271487
0.0 0.1 95.655738
0.0 0.11 94.909168
0.0 0.11 92.880658
0.0 0.11 96.673077
0.0 0.12 98.687090
0.0 0.12 97.193826
0.0 0.12 98.963086
0.0 0.13 95.821129
0.0 0.13 99.858586
0.0 0.13 98.274836
0.0 0.14 97.361963
0.0 0.14 99.567812
0.0 0.14 99.355846
0.0 0.15 94.229625
0.0 0.15 94.856536
0.0 0.15 99.503081
0.0 0.16 96.636401
0.0 0.16 98.706564
0.0 0.16 96.998636
0.0 0.17 95.067921
0.0 0.17 95.841953
0.0 0.17 98.163842
0.0 0.18 97.729556
0.0 0.18 95.588235
0.0 0.18 97.722052
0.0 0.19 98.536686
0.0 0.19 95.821558
0.0 0.19 95.994248
0.0 0.2 98.161329
0.0 0.2 97.143424
0.0 0.2 98.607350
0.0 0.21 96.348548
0.0 0.21 98.557981
0.0 0.21 98.906890
0.0 0.22 98.964128
0.0 0.22 97.897477
0.0 0.22 98.463074
0.0 0.23 98.502257
0.0 0.23 96.852108
0.0 0.23 95.878710
0.0 0.24 99.606462
0.0 0.24 99.700659
0.0 0.24 99.114696
0.0 0.25 99.688534
0.0 0.25 96.813477
0.0 0.25 99.503106
