0.0 0.01 0.000000
0.0 0.01 65.232606
0.0 0.01 16.971941
0.0 0.01 59.443631
0.0 0.01 34.906588
0.0 0.02 35.571543
0.0 0.02 17.244758
0.0 0.02 18.036437
0.0 0.02 52.616157
0.0 0.02 40.391630
0.0 0.03 30.273358
0.0 0.03 44.606834
0.0 0.03 72.412412
0.0 0.03 49.757967
0.0 0.03 60.690757
0.0 0.04 75.069472
0.0 0.04 87.969775
0.0 0.04 75.796178
0.0 0.04 65.011149
0.0 0.04 92.162107
0.0 0.05 66.183081
0.0 0.05 77.083333
0.0 0.05 44.956438
0.0 0.05 64.058088
0.0 0.05 63.291139
0.0 0.06 79.625864
0.0 0.06 74.965747
0.0 0.06 88.433534
0.0 0.06 74.308779
0.0 0.06 77.891925
0.0 0.07 92.591845
0.0 0.07 78.693349
0.0 0.07 77.512810
0.0 0.07 82.294800
0.0 0.07 87.310568
0.0 0.08 69.986223
0.0 0.08 86.558085
0.0 0.08 96.643074
0.0 0.08 83.581213
0.0 0.08 76.323617
0.0 0.09 83.915344
0.0 0.09 81.633858
0.0 0.09 60.673931
0.0 0.09 74.833399
0.0 0.09 92.865684
0.0 0.1 91.416131
0.0 0.1 85.298837
0.0 0.1 64.099874
0.0 0.1 71.113381
0.0 0.1 93.589744
0.0 0.11 93.238579
0.0 0.11 96.001675
0.0 0.11 95.475372
0.0 0.11 93.623482
0.0 0.11 85.245237
0.0 0.12 97.706422
0.0 0.12 96.916383
0.0 0.12 92.303103
0.0 0.12 92.298578
0.0 0.12 84.022825
0.0 0.13 96.919335
0.0 0.13 95.643899
0.0 0.13 97.071299
0.0 0.13 88.231720
0.0 0.13 93.325527
0.0 0.14 93.456643
0.0 0.14 81.385897
0.0 0.14 90.920555
0.0 0.14 92.583269
0.0 0.14 92.374101
0.0 0.15 84.177215
0.0 0.15 96.749599
0.0 0.15 83.547139
0.0 0.15 95.981289
0.0 0.15 81.135388
0.0 0.16 97.855392
0.0 0.16 86.915888
0.0 0.16 94.634635
0.0 0.16 99.240608
0.0 0.16 96.645400
0.0 0.17 98.784577
0.0 0.17 97.173073
0.0 0.17 98.386429
0.0 0.17 94.698940
0.0 0.17 95.906550
0.0 0.18 96.503497
0.0 0.18 96.589549
0.0 0.18 97.663918
0.0 0.18 97.354167
0.0 0.18 83.330057
0.0 0.19 95.926764
0.0 0.19 96.935609
0.0 0.19 96.143908
0.0 0.19 98.308751
0.0 0.19 93.470993
0.0 0.2 99.601745
0.0 0.2 97.841588
0.0 0.2 98.173424
0.0 0.2 96.730301
0.0 0.2 98.703280
0.0 0.01 35.178255
0.0 0.01 0.000000
0.0 0.01 44.871536
0.0 0.01 0.000000
0.0 0.01 35.004916
0.0 0.01 17.555110
0.0 0.01 69.384492
0.0 0.01 0.000000
0.0 0.01 70.781060
0.0 0.01 36.335659
0.0 0.02 69.369174
0.0 0.02 42.970412
0.0 0.02 72.236555
0.0 0.02 24.903592
0.0 0.02 52.324885
0.0 0.02 67.734040
0.0 0.02 17.635350
0.0 0.02 54.796939
0.0 0.02 27.399475
0.0 0.02 50.407150
0.0 0.03 66.481481
0.0 0.03 51.257292
0.0 0.03 35.174881
0.0 0.03 50.429914
0.0 0.03 57.234927
0.0 0.03 84.189486
0.0 0.03 45.570131
0.0 0.03 69.407895
0.0 0.03 39.304655
0.0 0.03 43.577982
0.0 0.04 57.526231
0.0 0.04 80.562347
0.0 0.04 74.995150
0.0 0.04 56.010435
0.0 0.04 82.211254
0.0 0.04 61.658241
0.0 0.04 74.553918
0.0 0.04 72.448181
0.0 0.04 91.888026
0.0 0.04 74.456736
0.0 0.05 77.467301
0.0 0.05 56.089613
0.0 0.05 73.706441
0.0 0.05 70.860927
0.0 0.05 61.411043
0.0 0.05 83.372595
0.0 0.05 83.353389
0.0 0.05 74.268887
0.0 0.05 64.246380
0.0 0.05 74.621136
0.0 0.06 75.164967
0.0 0.06 85.991760
0.0 0.06 91.689459
0.0 0.06 90.222820
0.0 0.06 74.921384
0.0 0.06 77.090334
0.0 0.06 80.866721
0.0 0.06 86.007728
0.0 0.06 65.378422
0.0 0.06 59.915865
0.0 0.07 90.782645
0.0 0.07 89.885611
0.0 0.07 87.107470
0.0 0.07 88.704946
0.0 0.07 61.714753
0.0 0.07 78.488372
0.0 0.07 93.743793
0.0 0.07 78.947368
0.0 0.07 70.824909
0.0 0.07 87.264243
0.0 0.08 86.533066
0.0 0.08 76.125938
0.0 0.08 92.432856
0.0 0.08 65.902993
0.0 0.08 94.389932
0.0 0.08 93.568384
0.0 0.08 77.208333
0.0 0.08 91.613435
0.0 0.08 84.208409
0.0 0.08 83.001028
0.0 0.09 95.954214
0.0 0.09 91.035197
0.0 0.09 96.265229
0.0 0.09 95.644427
0.0 0.09 71.192253
0.0 0.09 79.354703
0.0 0.09 81.738623
0.0 0.09 95.283965
0.0 0.09 79.712677
0.0 0.09 95.154185
0.0 0.1 91.440911
0.0 0.1 86.438244
0.0 0.1 82.539366
0.0 0.1 83.997496
0.0 0.1 86.893204
0.0 0.1 86.049751
0.0 0.1 43.020687
0.0 0.1 92.665615
0.0 0.1 83.706844
0.0 0.1 73.305255
0.0 0.11 87.743506
0.0 0.11 91.797447
0.0 0.11 93.902674
0.0 0.11 86.006415
0.0 0.11 90.009911
0.0 0.11 95.625495
0.0 0.11 84.939271
0.0 0.11 94.124606
0.0 0.11 87.049528
0.0 0.11 94.413519
0.0 0.12 91.540174
0.0 0.12 78.945289
0.0 0.12 86.930406
0.0 0.12 94.218590
0.0 0.12 92.969570
0.0 0.12 76.826847
0.0 0.12 96.619606
0.0 0.12 89.186113
0.0 0.12 95.488419
0.0 0.12 97.517518
0.0 0.13 90.505423
0.0 0.13 92.676292
0.0 0.13 97.607158
0.0 0.13 73.785218
0.0 0.13 94.303030
0.0 0.13 95.917136
0.0 0.13 86.934572
0.0 0.13 98.311558
0.0 0.13 93.337141
0.0 0.13 96.544757
0.0 0.14 89.544513
0.0 0.14 93.224822
0.0 0.14 99.396417
0.0 0.14 93.889542
0.0 0.14 94.171592
0.0 0.14 95.833333
0.0 0.14 93.609023
0.0 0.14 96.568141
0.0 0.14 95.073590
0.0 0.14 73.502480
0.0 0.15 98.710457
0.0 0.15 94.956487
0.0 0.15 78.145695
0.0 0.15 89.595496
0.0 0.15 84.577491
0.0 0.15 94.999012
0.0 0.15 90.087930
0.0 0.15 83.596215
0.0 0.15 96.081941
0.0 0.15 97.847168
0.0 0.16 96.732767
0.0 0.16 95.580461
0.0 0.16 97.419480
0.0 0.16 89.076485
0.0 0.16 96.788177
0.0 0.16 79.864671
0.0 0.16 99.734423
0.0 0.16 95.541401
0.0 0.16 97.979798
0.0 0.16 94.008846
0.0 0.17 96.920326
0.0 0.17 91.518547
0.0 0.17 97.862507
0.0 0.17 98.812715
0.0 0.17 79.668616
0.0 0.17 91.049447
0.0 0.17 97.385884
0.0 0.17 95.761719
0.0 0.17 96.363636
0.0 0.17 94.221509
0.0 0.18 97.886628
0.0 0.18 97.668180
0.0 0.18 94.634933
0.0 0.18 98.760843
0.0 0.18 87.052342
0.0 0.18 97.683235
0.0 0.18 99.584158
0.0 0.18 80.211726
0.0 0.18 97.645933
0.0 0.18 76.738609
0.0 0.19 97.376150
0.0 0.19 97.454844
0.0 0.19 84.940846
0.0 0.19 78.236280
0.0 0.19 95.886889
0.0 0.19 81.533742
0.0 0.19 97.093266
0.0 0.19 96.396211
0.0 0.19 98.886414
0.0 0.19 96.976744
0.0 0.2 97.657336
0.0 0.2 94.773519
0.0 0.2 94.659140
0.0 0.2 95.387635
0.0 0.2 73.566379
0.0 0.2 97.305740
0.0 0.2 96.156942
0.0 0.2 96.786981
0.0 0.2 98.256639
0.0 0.2 93.498818
0.0 0.21 95.726664
0.0 0.21 97.712885
0.0 0.21 80.518460
0.0 0.21 80.629637
0.0 0.21 97.657364
0.0 0.21 94.998992
0.0 0.21 97.335702
0.0 0.21 98.562828
0.0 0.21 97.822962
0.0 0.21 88.210818
0.0 0.22 96.231412
0.0 0.22 70.418900
0.0 0.22 97.279871
0.0 0.22 98.928919
0.0 0.22 79.253112
0.0 0.22 91.826438
0.0 0.22 88.722268
0.0 0.22 93.759874
0.0 0.22 75.950143
0.0 0.22 87.694974
0.0 0.23 97.821436
0.0 0.23 97.585717
0.0 0.23 97.602601
0.0 0.23 97.592328
0.0 0.23 98.138854
0.0 0.23 99.072795
0.0 0.23 86.181521
0.0 0.23 99.236791
0.0 0.23 92.489960
0.0 0.23 97.320388
0.0 0.24 98.179214
0.0 0.24 97.425218
0.0 0.24 98.342648
0.0 0.24 98.479556
0.0 0.24 96.450266
0.0 0.24 99.124949
0.0 0.24 99.282748
0.0 0.24 93.167168
0.0 0.24 99.223222
0.0 0.24 98.455912
0.0 0.25 98.825169
0.0 0.25 98.226210
0.0 0.25 99.419087
0.0 0.25 98.365011
0.0 0.25 79.307519
0.0 0.25 98.003132
0.0 0.25 95.095594
0.0 0.25 97.123719
0.0 0.25 96.768179
0.0 0.25 96.039001
